5.790986 1.682824
3.795149 1.501273
3.055941 2.654548
3.595539 1.022943
3.677935 0.660215
4.157325 0.904744
4.097245 0.990750
2.937612 1.044070
1.837216 2.591389
1.233738 2.049130
3.487444 0.730906
2.713360 0.225547
2.820468 0.403513
2.870050 1.638387
0.700655 2.673667
0.886203 2.663809
3.327699 0.818192
2.493465 0.605860
0.748322 2.847911
2.208598 1.519934
0.766496 2.694864
2.676193 0.703044
0.801118 2.665944
1.172814 3.570558
1.211359 2.251581
1.030864 2.400856
0.376341 3.371932
1.399620 2.712790
1.218853 2.286704
0.655453 3.944298
1.436239 2.537111
1.889816 3.041958
1.257894 5.096536
1.657045 5.762127
