5.790985107421875 1.6828241348266602
 3.7951488494873047 1.5012733936309814
 3.055941343307495 2.654547691345215
 3.595539093017578 1.0229434967041016
 3.6779348850250244 0.6602153182029724
 4.157325267791748 0.9047434329986572
 4.097245216369629 0.9907501339912415
 2.9376111030578613 1.0440696477890015
 1.8372159004211426 2.5913889408111572
 1.2337377071380615 2.0491294860839844
 3.4874441623687744 0.7309063673019409
 2.713360071182251 0.2255469262599945
 2.820467948913574 0.40351319313049316
 2.8700504302978516 1.6383870840072632
 0.700654923915863 2.6736674308776855
 0.886203408241272 2.6638083457946777
 3.3276984691619873 0.8181920051574707
 2.493464946746826 0.6058595776557922
 0.7483218908309937 2.8479113578796387
 2.2085978984832764 1.5199341773986816
 0.7664963006973267 2.694864273071289
 2.6761932373046875 0.7030436396598816
 0.801118016242981 2.6659438610076904
 1.172813892364502 3.5705575942993164
 1.2113587856292725 2.2515809535980225
 1.0308637619018555 2.4008560180664062
 0.37634149193763733 3.371931552886963
 1.3996195793151855 2.712790012359619
 1.2188527584075928 2.2867040634155273
 0.6554533243179321 3.944298267364502
 1.4362393617630005 2.537111282348633
 1.8898155689239502 3.0419576168060303
 1.2578941583633423 5.096535682678223
 1.6570451259613037 5.762127876281738


