0.21623682975769043 0.7837631702423096
 0.2101866900920868 0.7898133397102356
 0.6835503578186035 0.31644967198371887
 0.14434026181697845 0.8556597232818604
 0.19162258505821228 0.8083773851394653
 0.6556643843650818 0.3443356454372406
 0.06425371021032333 0.9357463121414185
 0.636538028717041 0.36346200108528137
 0.07413610070943832 0.9258638620376587
 0.7689694166183472 0.23103059828281403
 0.2883181571960449 0.7116818428039551
 0.882302463054657 0.11769749969244003
 0.5208332538604736 0.47916674613952637


